  -1.7404719250572223        1.7404719250572223        1.7404719250572223     
  -3.4809438501144445        0.0000000000000000        3.4809438501144445     
   0.0000000000000000        3.4809438501144427        0.0000000000000000     
   0.0000000000000000        3.4809438501144445        3.4809438501144445     
  -3.4809438501144436        8.8817841970012523E-016   31.328494651029999     
  -8.8817841970012523E-016   3.4809438501144436        31.328494651029999     
  -1.7404719250572223        1.7404719250572223        33.068966576087220     
  -3.4809438501144472       -2.6645352591003757E-015   34.809438501144442     
   2.6645352591003757E-015   3.4809438501144472        34.809438501144442     
  -1.7404719250572223        1.7404719250572223        36.549910426201670     
  -38.290382351258884        34.809438501144442        3.4809438501144498     
  -34.809438501144442        38.290382351258884        3.4809438501144498     
  -36.549910426201663        36.549910426201663        5.2214157751716712     
  -38.290382351258884        34.809438501144442        6.9618877002288926     
  -34.809438501144442        38.290382351258884        6.9618877002288926     
  -36.549910426201663        36.549910426201663        8.7023596252861140     
  -38.290382351258891        34.809438501144442        10.442831550343342     
  -34.809438501144442        38.290382351258891        10.442831550343342     
  -36.549910426201663        36.549910426201663        12.183303475400564     
  -36.549910426201663        36.549910426201663        22.626135025743892     
  -38.290382351258884        34.809438501144442        24.366606950801113     
  -34.809438501144442        38.290382351258884        24.366606950801113     
  -36.549910426201663        36.549910426201663        26.107078875858335     
  -38.290382351258884        34.809438501144442        27.847550800915556     
  -34.809438501144442        38.290382351258884        27.847550800915556     
  -36.549910426201663        36.549910426201663        29.588022725972777     
  -38.290382351258884        34.809438501144442        31.328494651029999     
  -3.4809438501144427        0.0000000000000000        0.0000000000000000     
  -34.809438501144442        38.290382351258884        31.328494651029999     
  -1.7404719250572214        1.7404719250572214       -1.7404719250572214     
  -3.4809438501144445        3.4809438501144445        0.0000000000000000     
  -6.9618877002288908       -1.7763568394002505E-015   34.809438501144442     
  -3.4809438501144445        3.4809438501144445        34.809438501144449     
  -5.2214157751716659        1.7404719250572231        36.549910426201670     
   1.7763568394002505E-015   6.9618877002288908        34.809438501144442     
  -1.7404719250572231        5.2214157751716659        36.549910426201670     
  -3.4809438501144445        3.4809438501144445        38.290382351258891     
  -8.7023596252861104        1.7404719250572240        36.549910426201670     
  -5.2214157751716668        5.2214157751716668        36.549910426201670     
  -6.9618877002288881        3.4809438501144454        38.290382351258891     
  -1.7404719250572240        8.7023596252861104        36.549910426201670     
  -3.4809438501144454        6.9618877002288881        38.290382351258891     
  -29.588022725972777       -1.7404719250572214        29.588022725972777     
  -27.847550800915556        0.0000000000000000        34.809438501144442     
  -26.107078875858331        1.7404719250572249        36.549910426201670     
   1.7404719250572214        29.588022725972777        29.588022725972777     
   0.0000000000000000        27.847550800915556        34.809438501144442     
  -1.7404719250572249        26.107078875858331        36.549910426201670     
  -31.328494651029999        0.0000000000000000        3.4809438501144427     
  -31.328494651029999        0.0000000000000000        31.328494651029999     
   0.0000000000000000        31.328494651029999        3.4809438501144427     
  -31.328494651029999        0.0000000000000000        34.809438501144442     
  -29.588022725972774        1.7404719250572249        36.549910426201670     
  -27.847550800915553        3.4809438501144463        38.290382351258891     
   0.0000000000000000        31.328494651029999        31.328494651029999     
   0.0000000000000000        31.328494651029999        34.809438501144442     
  -1.7404719250572249        29.588022725972774        36.549910426201670     
  -3.4809438501144463        27.847550800915553        38.290382351258891     
  -31.328494651029999        3.4809438501144427        0.0000000000000000     
  -33.068966576087220        1.7404719250572214        1.7404719250572214     
  -34.809438501144442       -3.5527136788005009E-015   3.4809438501144463     
  -34.809438501144442        0.0000000000000000        6.9618877002288926     
  -34.809438501144442        0.0000000000000000        27.847550800915556     
  -3.4809438501144427        31.328494651029999        0.0000000000000000     
  -34.809438501144442        0.0000000000000000        31.328494651029999     
  -1.7404719250572214        33.068966576087220        1.7404719250572214     
  -33.068966576087220        1.7404719250572214        33.068966576087220     
  -34.809438501144442        0.0000000000000000        34.809438501144442     
   3.5527136788005009E-015   34.809438501144442        3.4809438501144463     
  -31.328494651029995        3.4809438501144463        34.809438501144449     
  -33.068966576087220        1.7404719250572249        36.549910426201670     
   0.0000000000000000        34.809438501144442        6.9618877002288926     
  -29.588022725972774        5.2214157751716677        36.549910426201670     
  -31.328494651029995        3.4809438501144463        38.290382351258891     
   0.0000000000000000        34.809438501144442        27.847550800915556     
   0.0000000000000000        34.809438501144442        31.328494651029999     
  -1.7404719250572214        33.068966576087220        33.068966576087220     
  -3.4809438501144463        31.328494651029995        34.809438501144449     
  -5.2214157751716677        29.588022725972774        36.549910426201670     
   0.0000000000000000        34.809438501144442        34.809438501144442     
  -1.7404719250572249        33.068966576087220        36.549910426201670     
  -3.4809438501144463        31.328494651029995        38.290382351258891     
  -34.809438501144442        3.4809438501144463       -3.5527136788005009E-015
  -36.549910426201670        1.7404719250572214        1.7404719250572214     
  -3.4809438501144498        34.809438501144442        38.290382351258884     
  -34.809438501144449        3.4809438501144445        3.4809438501144463     
  -36.549910426201663        1.7404719250572249        5.2214157751716677     
  -36.549910426201663        1.7404719250572249        8.7023596252861104     
  -36.549910426201663        1.7404719250572249        26.107078875858331     
  -36.549910426201663        1.7404719250572249        29.588022725972774     
  -3.4809438501144463        34.809438501144442       -3.5527136788005009E-015
  -34.809438501144442        3.4809438501144463        31.328494651029995     
  -36.549910426201663        1.7404719250572249        33.068966576087220     
  -1.7404719250572214        36.549910426201670        1.7404719250572214     
  -3.4809438501144445        34.809438501144449        3.4809438501144463     
  -34.809438501144442        3.4809438501144498        34.809438501144442     
  -34.809438501144442        3.4809438501144498        38.290382351258884     
  -1.7404719250572249        36.549910426201663        5.2214157751716677     
  -33.068966576087220        5.2214157751716712        36.549910426201663     
  -1.7404719250572249        36.549910426201663        8.7023596252861104     
  -31.328494651029999        6.9618877002288926        38.290382351258884     
  -29.588022725972774        8.7023596252861175        40.030854276316106     
  -1.7404719250572249        36.549910426201663        26.107078875858331     
  -1.7404719250572249        36.549910426201663        29.588022725972774     
  -3.4809438501144463        34.809438501144442        31.328494651029995     
  -1.7404719250572249        36.549910426201663        33.068966576087220     
  -3.4809438501144498        34.809438501144442        34.809438501144442     
  -5.2214157751716712        33.068966576087220        36.549910426201663     
  -6.9618877002288926        31.328494651029999        38.290382351258884     
  -8.7023596252861175        29.588022725972774        40.030854276316106     
  -3.4809438501144498        38.290382351258884        34.809438501144442     
  -5.2214157751716712        36.549910426201663        36.549910426201663     
  -6.9618877002288926        34.809438501144442        38.290382351258884     
  -34.809438501144442        6.9618877002288908       -3.5527136788005009E-015
  -36.549910426201670        5.2214157751716659        1.7404719250572249     
  -38.290382351258884        3.4809438501144463        3.4809438501144463     
  -36.549910426201663        5.2214157751716677        5.2214157751716677     
  -38.290382351258884        3.4809438501144463        6.9618877002288890     
  -38.290382351258884        3.4809438501144463        27.847550800915553     
  -6.9618877002288908        34.809438501144442       -3.5527136788005009E-015
  -36.549910426201663        5.2214157751716677        29.588022725972774     
  -38.290382351258884        3.4809438501144463        31.328494651029995     
  -38.290382351258884        3.4809438501144498        34.809438501144442     
  -5.2214157751716659        36.549910426201670        1.7404719250572249     
  -36.549910426201663        5.2214157751716712        33.068966576087220     
  -36.549910426201663        5.2214157751716712        36.549910426201663     
  -3.4809438501144463        38.290382351258884        3.4809438501144463     
  -5.2214157751716677        36.549910426201663        5.2214157751716677     
  -34.809438501144442        6.9618877002288926        34.809438501144442     
  -34.809438501144442        6.9618877002288926        38.290382351258884     
  -3.4809438501144463        38.290382351258884        6.9618877002288890     
  -33.068966576087220        8.7023596252861140        36.549910426201663     
  -3.4809438501144463        38.290382351258884        27.847550800915553     
  -5.2214157751716677        36.549910426201663        29.588022725972774     
  -3.4809438501144463        38.290382351258884        31.328494651029995     
  -5.2214157751716712        36.549910426201663        33.068966576087220     
  -6.9618877002288926        34.809438501144442        34.809438501144442     
  -8.7023596252861140        33.068966576087220        36.549910426201663     
  -6.9618877002288926        38.290382351258884        34.809438501144442     
  -8.7023596252861140        36.549910426201663        36.549910426201663     
  -10.442831550343342        34.809438501144442        38.290382351258884     
  -36.549910426201663        8.7023596252861104        1.7404719250572249     
  -38.290382351258884        6.9618877002288890        3.4809438501144463     
  -8.7023596252861104        36.549910426201663        1.7404719250572249     
  -38.290382351258884        6.9618877002288926        31.328494651030002     
  -38.290382351258884        6.9618877002288926        34.809438501144442     
  -6.9618877002288890        38.290382351258884        3.4809438501144463     
  -36.549910426201663        8.7023596252861140        33.068966576087220     
  -36.549910426201663        8.7023596252861140        36.549910426201663     
  -34.809438501144442        10.442831550343342        38.290382351258884     
  -6.9618877002288926        38.290382351258884        31.328494651030002     
  -8.7023596252861140        36.549910426201663        33.068966576087220     
  -10.442831550343342        38.290382351258884        34.809438501144442     
  -12.183303475400564        36.549910426201663        36.549910426201663     
  -40.030854276316106        8.7023596252861175        29.588022725972777     
  -38.290382351258884        10.442831550343342        34.809438501144442     
  -36.549910426201663        12.183303475400564        36.549910426201663     
  -8.7023596252861175        40.030854276316106        29.588022725972777     
  -29.588022725972777        26.107078875858335        40.030854276316106     
  -26.107078875858335        29.588022725972777        40.030854276316106     
  -22.626135025743892        36.549910426201663        36.549910426201663     
  -24.366606950801113        34.809438501144442        38.290382351258884     
  -29.588022725972777        29.588022725972777       -1.7404719250572214     
  -36.549910426201663        22.626135025743892        36.549910426201663     
  -34.809438501144442        24.366606950801113        38.290382351258884     
  -33.068966576087220        26.107078875858335        36.549910426201663     
  -29.588022725972777        29.588022725972777        36.549910426201663     
  -31.328494651029999        27.847550800915556        38.290382351258884     
  -26.107078875858335        33.068966576087220        36.549910426201663     
  -27.847550800915556        31.328494651029999        38.290382351258884     
  -29.588022725972777        29.588022725972777        40.030854276316106     
  -24.366606950801113        38.290382351258884        34.809438501144442     
  -26.107078875858335        36.549910426201663        36.549910426201663     
  -27.847550800915556        34.809438501144442        38.290382351258884     
  -34.809438501144442        27.847550800915556        0.0000000000000000     
  -36.549910426201663        26.107078875858331        1.7404719250572214     
  -31.328494651029999        31.328494651029999        0.0000000000000000     
  -27.847550800915556        34.809438501144442        0.0000000000000000     
  -26.107078875858331        36.549910426201663        1.7404719250572214     
  -38.290382351258884        24.366606950801113        34.809438501144442     
  -36.549910426201663        26.107078875858335        33.068966576087220     
  -36.549910426201663        26.107078875858335        36.549910426201663     
  -34.809438501144442        27.847550800915556        34.809438501144442     
  -34.809438501144442        27.847550800915556        38.290382351258884     
  -31.328494651029999        31.328494651029999        34.809438501144442     
  -33.068966576087220        29.588022725972777        36.549910426201663     
  -26.107078875858335        36.549910426201663        33.068966576087220     
  -27.847550800915556        34.809438501144442        34.809438501144442     
  -29.588022725972777        33.068966576087220        36.549910426201663     
  -31.328494651029999        31.328494651029999        38.290382351258884     
  -27.847550800915556        38.290382351258884        34.809438501144442     
  -29.588022725972777        36.549910426201663        36.549910426201663     
  -31.328494651029999        34.809438501144442        38.290382351258884     
  -34.809438501144442        31.328494651029999        0.0000000000000000     
  -36.549910426201663        29.588022725972774        1.7404719250572214     
  -38.290382351258884        27.847550800915553        3.4809438501144427     
  -31.328494651029999        34.809438501144442        0.0000000000000000     
  -33.068966576087220        33.068966576087220        1.7404719250572214     
  -34.809438501144442        31.328494651029995        3.4809438501144427     
  -36.549910426201663        29.588022725972774        5.2214157751716641     
  -29.588022725972774        36.549910426201663        1.7404719250572214     
  -31.328494651029995        34.809438501144442        3.4809438501144427     
  -27.847550800915553        38.290382351258884        3.4809438501144427     
  -29.588022725972774        36.549910426201663        5.2214157751716641     
  -40.030854276316106        26.107078875858335        29.588022725972777     
  -36.549910426201663        29.588022725972777        29.588022725972777     
  -38.290382351258884        27.847550800915556        31.328494651029999     
  -38.290382351258884        27.847550800915556        34.809438501144442     
  -34.809438501144442        31.328494651029999        31.328494651029999     
  -36.549910426201663        29.588022725972777        33.068966576087220     
  -36.549910426201663        29.588022725972777        36.549910426201663     
  -29.588022725972777        36.549910426201663        29.588022725972777     
  -31.328494651029999        34.809438501144442        31.328494651029999     
  -33.068966576087220        33.068966576087220        33.068966576087220     
  -34.809438501144442        31.328494651029999        34.809438501144442     
  -34.809438501144442        31.328494651029999        38.290382351258884     
  -26.107078875858335        40.030854276316106        29.588022725972777     
  -27.847550800915556        38.290382351258884        31.328494651029999     
  -29.588022725972777        36.549910426201663        33.068966576087220     
  -31.328494651029999        34.809438501144442        34.809438501144442     
  -33.068966576087220        33.068966576087220        36.549910426201663     
   0.0000000000000000        0.0000000000000000        3.4809438501144427     
  -31.328494651029999        38.290382351258884        34.809438501144442     
   1.7404719250572214        1.7404719250572214        1.7404719250572214     
  -34.809438501144442        34.809438501144442        0.0000000000000000     
  -36.549910426201663        33.068966576087220        1.7404719250572214     
  -38.290382351258884        31.328494651029995        3.4809438501144427     
  -33.068966576087220        36.549910426201663        1.7404719250572214     
  -34.809438501144442        34.809438501144442        3.4809438501144498     
  -36.549910426201663        33.068966576087220        5.2214157751716712     
  -38.290382351258884        31.328494651029999        6.9618877002288926     
  -40.030854276316106        29.588022725972774        8.7023596252861211     
  -31.328494651029995        38.290382351258884        3.4809438501144427     
  -33.068966576087220        36.549910426201663        5.2214157751716712     
  -34.809438501144442        34.809438501144442        6.9618877002288926     
  -36.549910426201663        33.068966576087220        8.7023596252861140     
  -31.328494651029999        38.290382351258884        6.9618877002288926     
  -33.068966576087220        36.549910426201663        8.7023596252861140     
  -29.588022725972774        40.030854276316106        8.7023596252861211     
  -40.030854276316106        29.588022725972777        26.107078875858335     
  -36.549910426201663        33.068966576087220        26.107078875858335     
  -38.290382351258884        31.328494651029999        27.847550800915556     
  -40.030854276316106        29.588022725972777        29.588022725972777     
  -33.068966576087220        36.549910426201663        26.107078875858335     
  -34.809438501144442        34.809438501144442        27.847550800915556     
  -36.549910426201663        33.068966576087220        29.588022725972777     
  -38.290382351258884        31.328494651029999        31.328494651029999     
  -38.290382351258884        31.328494651029999        34.809438501144442     
  -29.588022725972777        40.030854276316106        26.107078875858335     
  -31.328494651029999        38.290382351258884        27.847550800915556     
  -33.068966576087220        36.549910426201663        29.588022725972777     
  -34.809438501144442        34.809438501144442        31.328494651029999     
  -36.549910426201663        33.068966576087220        33.068966576087220     
  -1.7404719250572214       -1.7404719250572214        1.7404719250572214     
  -29.588022725972777        40.030854276316106        29.588022725972777     
  -31.328494651029999        38.290382351258884        31.328494651029999     
  -33.068966576087220        36.549910426201663        33.068966576087220     
  -34.809438501144442        34.809438501144442        34.809438501144442     
